rgb(0, 0, 0)
rgb(200, 198, 185)
rgb(11, 104, 196)
rgb(255, 236, 73)
rgb(244, 61, 236)
rgb(75, 217, 60)
rgb(87, 22, 176)
rgb(67, 112, 247)
rgb(68, 214, 246)
rgb(250, 198, 27)
rgb(247, 228, 67)
rgb(66, 207, 239)
rgb(50, 50, 124)
rgb(226, 69, 255)
rgb(234, 50, 125)
rgb(45, 156, 221)
rgb(88, 187, 133)
rgb(80, 232, 0)
rgb(143, 49, 110)
rgb(51, 165, 171)
rgb(247, 243, 196)
rgb(238, 195, 30)
rgb(167, 33, 114)
rgb(167, 226, 234)
rgb(113, 238, 236)
rgb(228, 12, 0)
rgb(200, 225, 124)
rgb(238, 248, 249)
rgb(250, 193, 88)
rgb(246, 139, 30)
rgb(236, 234, 223)
rgb(47, 123, 191)
rgb(155, 202, 62)
rgb(189, 36, 39)
rgb(78, 34, 222)
rgb(43, 20, 255)
rgb(36, 20, 31)
rgb(179, 251, 85)
rgb(160, 117, 130)
rgb(100, 167, 137)
rgb(245, 97, 103)
rgb(254, 240, 216)
rgb(246, 127, 60)
rgb(198, 223, 123)
rgb(160, 231, 146)
rgb(224, 251, 203)
rgb(244, 61, 236)
rgb(75, 217, 60)
rgb(87, 22, 176)
rgb(249, 241, 7)
rgb(247, 123, 7)

